57  54  -111.510002136  159.979995728  -452.630004883  0.752883076668  13458.7929688
58  54  -111.510002136  159.979995728  -469.649993896  1.00080704689  13290.1015625
58  55  11.8699998856  179.190002441  -467.339996338  0.863512694836  13511.3837891
60  55  11.8699998856  179.190002441  -501.579986572  0.952396318316  14037.9996745
48  62  -189.979995728  257.420013428  -298.619995117  1.19667506218  12874.6943359
49  62  -189.979995728  257.420013428  -315.640014648  0.887200832367  13155.9003906
53  62  -189.979995728  257.420013428  -383.720001221  1.11088013649  12779.4267578
55  62  -189.979995728  257.420013428  -417.769989014  2.89469854534  12729.2958984
56  62  -189.979995728  257.420013428  -434.790008545  2.89013826847  12659.4833984
57  62  -189.979995728  257.420013428  -451.809997559  0.755713656545  12937.1928711
58  62  -189.979995728  257.420013428  -468.829986572  1.58670184016  12656.0292969
59  62  -189.979995728  257.420013428  -485.850006104  1.04875862598  12631.3710938
60  62  -189.979995728  257.420013428  -502.869995117  5.5567356199  12868.5992187
47  63  -66.6999969482  276.920013428  -285.130004883  0.632264614105  12124.78125
49  63  -66.6999969482  276.920013428  -319.170013428  0.973360657692  13093.1445312
54  63  -66.6999969482  276.920013428  -404.279998779  1.62040948868  13411.2597656
55  63  -66.6999969482  276.920013428  -421.299987793  1.88339173794  12527.6088867
56  63  -66.6999969482  276.920013428  -438.320007324  5.9311285615  14651.7574219
57  63  -66.6999969482  276.920013428  -455.339996338  1.03372740746  12479.7011719
58  63  -66.6999969482  276.920013428  -472.359985352  4.96222946048  12786.6081543
59  63  -66.6999969482  276.920013428  -489.380004883  1.23592609167  13214.355957
60  63  -66.6999969482  276.920013428  -506.399993896  1.41863441467  12677.0302734
50  64  54.2599983215  292.970001221  -309.459991455  1.31877231598  13060.5009766
51  64  54.2599983215  292.970001221  -326.480010986  0.664862453938  12313.5146484
42  65  174.470001221  315.540008545  -185.11000061  0.858049750328  11330.7402344
44  65  174.470001221  315.540008545  -219.149993896  1.18589091301  11517.1972656
46  65  174.470001221  315.540008545  -253.190002441  1.7856990099  11560.2529297
48  65  174.470001221  315.540008545  -287.230010986  1.11904317141  11167.9755859
49  65  174.470001221  315.540008545  -304.25  1.0551314801  11170.7324219
40  66  303.410003662  335.640014648  -150.850006104  1.12183606625  10696.0849609
41  66  303.410003662  335.640014648  -167.880004883  4.08447630703  10779.6806641
42  66  303.410003662  335.640014648  -184.899993896  1.30625942349  10428.8515625
43  66  303.410003662  335.640014648  -201.919998169  10.3042766452  11232.477322
44  66  303.410003662  335.640014648  -218.940002441  1.29702660441  10982.1845703
38  67  429.760009766  351.019989014  -123.620002747  5.1551040262  10070.8537109
39  67  429.760009766  351.019989014  -140.63999939  47.8156795949  10959.623877
40  67  429.760009766  351.019989014  -157.660003662  12.5597044379  9986.52825521
41  67  429.760009766  351.019989014  -174.690002441  5.33775800467  11691.4164063
43  67  429.760009766  351.019989014  -208.729995728  0.962786972523  10529.9384766
51  69  -268.899993896  354.239990234  -349.5  2.73730456829  14898.9775391
52  69  -268.899993896  354.239990234  -366.519989014  2.38963142037  13537.0123698
53  69  -268.899993896  354.239990234  -383.540008545  1.23734948039  13367.7255859
54  69  -268.899993896  354.239990234  -400.570007324  2.35181704164  12954.1536458
55  69  -268.899993896  354.239990234  -417.589996338  6.5839805603  12955.0638021
56  69  -268.899993896  354.239990234  -434.609985352  3.50080567598  12957.2312012
57  69  -268.899993896  354.239990234  -451.630004883  1.28088200092  12604.3974609
58  69  -268.899993896  354.239990234  -468.649993896  0.829884231091  12556.3876953
59  69  -268.899993896  354.239990234  -485.670013428  1.26474225521  12716.7412109
60  69  -268.899993896  354.239990234  -502.890014648  5.98252044618  12999.0799154
49  70  -145.449996948  374.239990234  -314.910003662  1.79715329409  13376.3691406
50  70  -145.449996948  374.239990234  -331.929992676  2.00779867172  12527.3823242
51  70  -145.449996948  374.239990234  -348.950012207  6.15986710787  12716.5499442
52  70  -145.449996948  374.239990234  -365.970001221  2.49859118462  12841.7456055
53  70  -145.449996948  374.239990234  -382.989990234  12.9692130685  13050.4779948
54  70  -145.449996948  374.239990234  -400.010009766  20.8656124994  12383.9943954
55  70  -145.449996948  374.239990234  -417.029998779  76.8444729  12613.034668
56  70  -145.449996948  374.239990234  -434.059997559  226.485897139  12231.900563
57  70  -145.449996948  374.239990234  -451.079986572  259.528600678  13942.2049419
58  70  -145.449996948  374.239990234  -468.100006104  37.4642646909  13967.7741211
59  70  -145.449996948  374.239990234  -485.119995117  18.4936846048  12506.5029907
60  70  -145.449996948  374.239990234  -503.140014648  11.2453602254  12725.3008564
52  71  -21.9699993134  393.239990234  -368.239990234  2.88212156296  12766.5852865
53  71  -21.9699993134  393.239990234  -385.260009766  1.57829037309  12405.5874023
54  71  -21.9699993134  393.239990234  -402.290008545  0.294358998537  11959.6943359
55  71  -21.9699993134  393.239990234  -419.309997559  1.46843385696  12922.8007812
56  71  -21.9699993134  393.239990234  -436.329986572  0.336134135723  14230.2333984
57  71  -21.9699993134  393.239990234  -453.350006104  1.42217665911  13566.7177734
59  71  -21.9699993134  393.239990234  -487.390014648  1.57243540883  13577.2825521
60  71  -21.9699993134  393.239990234  -504.410003662  1.7411569953  13352.3061523
47  72  101.040000916  412.790008545  -278.540008545  1.16830563545  11710.8164062
49  72  101.040000916  412.790008545  -312.579986572  2.05989947915  11439.9602865
58  72  101.040000916  412.790008545  -465.769989014  0.314375370741  14116.2089844
59  72  101.040000916  412.790008545  -482.790008545  1.25015257299  13053.1772461
60  72  101.040000916  412.790008545  -500.510009766  0.901356458664  13396.234375
54  75  -347.880004883  451.519989014  -400.089996338  0.931815505028  13713.0136719
56  75  -347.880004883  451.519989014  -434.140014648  1.11939191818  13844.4365234
52  76  -224.089996338  470.859985352  -365.630004883  1.65017855167  13802.0087891
54  76  -224.089996338  470.859985352  -399.679992676  1.28241348267  13225.315918
55  76  -224.089996338  470.859985352  -416.700012207  3.94045230746  12887.3521484
56  76  -224.089996338  470.859985352  -433.720001221  1.4080491066  12969.4697266
57  76  -224.089996338  470.859985352  -450.739990234  1.95038670301  12908.7407227
58  76  -224.089996338  470.859985352  -467.760009766  4.87764556706  12913.3005859
59  76  -224.089996338  470.859985352  -484.779998779  1.25144386292  13169.8828125
60  76  -224.089996338  470.859985352  -501.799987793  4.30269002914  13449.460612
55  77  -101.059997559  490.220001221  -417.640014648  1.19340676069  12826.7480469
56  77  -101.059997559  490.220001221  -434.660003662  1.9441652298  13254.7104492
57  77  -101.059997559  490.220001221  -451.679992676  1.63341617584  13018.9443359
59  77  -101.059997559  490.220001221  -485.720001221  1.76750212908  12952.3168945
