           1 ID           1   1407.6367      -935.23206       1484.7000       1.5373212       559.98242    
           1 ID           2  -954.44995      -35.349998      -1810.0000       1.1299467       612.43262    
           1 ID           3  -246.87976       1671.8702       848.39996       1.0761665       674.33350    
           1 ID           4  -719.56799      -1529.1572      -145.09999      0.62248832       710.22510    
           1 ID           5   456.40079       1627.2057      -212.09999       1.6311104       731.72217    
           1 ID           6  -884.45001       247.44998      -1810.0000      0.66821748       746.60156    
           1 ID           7  -721.37567       1528.3052       279.09998       1.7876650       773.04297    
           1 ID           8  -1571.3220       622.13098       636.29999      0.40436906       788.88574    
           1 ID           9  -1132.3168      -1254.5751      -1272.6000      0.88891196       805.91943    
           1 ID          10   1166.5499       530.24994      -1810.0000      0.24520202       806.70459    
           1 ID          11  -721.37567       1528.3052      -1629.7999      0.85281068       873.61963    
           1 ID          12  -1096.5499      -35.349998       1810.0000       1.4909061       961.65332    
           1 ID          13  -1666.6659      -279.86606       0.0000000       1.5882152       970.22998    
           1 ID          14  -1676.6738      -211.81259      -212.09999       1.3640099       970.38574    
           1 ID          15  -1688.4327      -72.767281      -67.000000       3.0221806       971.12695    
           1 ID          16  -1676.6738      -211.81259      -491.19995      0.50938600       973.51563    
           1 ID          17   672.34998      -883.75000      -1810.0000      0.21945639       973.61768    
           1 ID          18  -1676.6738      -211.81259      -424.19998      0.77921170       974.42529    
           1 ID          19  -1688.4327      -72.767281       0.0000000       1.6317568       974.89209    
           1 ID          20  -1617.8702      -488.46265      -279.09998       1.1800765       974.97168    
           1 ID          21  -1684.0730      -141.41483      -279.09998      0.77742773       975.08008    
           1 ID          22  -1617.8702      -488.46265       212.09999      0.98283398       975.71924    
           1 ID          23  -1666.6659      -279.86606      -357.20001       1.0752132       975.62744    
           1 ID          24  -1666.6659      -279.86606      -145.09999      0.83531362       976.32520    
           1 ID          25  -1688.5176       70.770676      -212.09999       2.0247927       976.56055    
           1 ID          26  -1688.4327      -72.767281      -212.09999       3.2220299       976.37646    
           1 ID          27  -1684.0730      -141.41483      -145.09999       1.1771859       977.47314    
           1 ID          28  -1688.4327      -72.767281      -424.19998      0.86313343       978.10938    
           1 ID          29  -1666.6659      -279.86606       67.000000      0.52396572       977.62305    
           1 ID          30  -1666.6659      -279.86606      -491.19995       1.0789368       978.26465    
           1 ID          31  -1652.6527      -353.32553      -569.29999      0.21094635       981.66602    
           1 ID          32  -1676.6738      -211.81259      -636.29999      0.61166328       982.66406    
           1 ID          33  -1684.0730      -141.41483      -636.29999       1.6650199       983.08398    
           1 ID          34  -1684.0730      -141.41483      -491.19995      0.27137917       983.49219    
           1 ID          35  -1688.4327      -72.767281      -491.19995      0.89045262       983.77930    
           1 ID          36  -1652.6527      -353.32553      -636.29999      0.27169752       983.41602    
           1 ID          37  -1652.6527      -353.32553      -424.19998      0.24116389       984.09570    
           1 ID          38  -1688.4327      -72.767281      -569.29999      0.36924979       985.64160    
           1 ID          39  -1684.0729       141.41614      -279.09998       1.4260138       985.75928    
           1 ID          40  -1596.6530      -553.89484      -636.29999      0.80430943       986.28760    
           1 ID          41  -1676.6738      -211.81259      -703.29999       1.0926545       986.34912    
           1 ID          42  -1688.5176       70.770676      -569.29999       1.0758034       987.73779    
           1 ID          43  -1543.8921      -687.38434      -569.29999      0.43732667       989.82715    
           1 ID          44  -1653.0693       351.37140      -67.000000       3.7006216       990.09912    
           1 ID          45  -1513.7533      -751.43268      -569.29999       4.3876963       990.33887    
           1 ID          46  -1570.5853      -623.98865       357.20001      0.80106902       990.28271    
           1 ID          47  -1444.5289      -877.17505      -569.29999       2.2108445       992.79688    
           1 ID          48  -1689.9988       2.0007894      -145.09999       1.0236263       994.25391    
           1 ID          49  -1444.5289      -877.17505      -703.29999       2.6213794       994.48291    
           1 ID          50  -1676.9232       209.82979      -703.29999       1.7104328       995.06250    
           1 ID          51  -1688.5176       70.770676      -636.29999      0.30694139       996.47314    
           1 ID          52  -1684.0730      -141.41483      -569.29999       1.2982093       996.68945    
           1 ID          53  -1444.5289      -877.17505      -636.29999      0.72019613       996.92773    
           1 ID          54   1596.6523      -553.89636      -279.09998      0.72760296       999.97119    
           1 ID          55  -1688.4327      -72.767281      -915.39996       1.1247492       1000.3882    
           1 ID          56  -1367.2394      -993.35626      -781.39996       2.2033715       1004.8530    
           1 ID          57  -1325.6840      -1048.1708      -781.39996      0.90914464       1005.7583    
           1 ID          58  -1636.9054       420.28632      -781.39996       2.4644952       1006.7026    
           1 ID          59   1571.3223       622.13043       1696.7999      0.27341613       1007.7476    
           1 ID          60  -1688.5176       70.770676       357.20001      8.16061199E-02   1007.9053    
           1 ID          61  -1481.9214      -812.40942      -915.39996       1.5462551       1008.5293    
           1 ID          62  -1689.9988       2.0007894       569.29999       1.2735214       1015.8521    
           1 ID          63  -1132.3168      -1254.5751      -848.39996      0.97030580       1018.7026    
           1 ID          64  -1653.0693       351.37140      -1339.6000       1.4453285       1020.4631    
           1 ID          65  -1618.4468       486.54919      -1339.6000       1.4663528       1021.9023    
           1 ID          66  -1636.9058      -420.28506      -1484.7000       3.9345970       1022.4563    
           1 ID          67  -1323.1981       1051.3071      -993.49994       1.4260637       1029.1343    
           1 ID          68  -1231.9576      -1156.8839      -636.29999       1.3369633       1030.8396    
           1 ID          69  -1571.3220       622.13098      -1417.7000      0.13590463       1034.6655    
           1 ID          70  -1590.7500       247.44998      -1810.0000       1.5137774       1037.4358    
           1 ID          71   1596.6523      -553.89636      -1127.5000      0.35630178       1037.2266    
           1 ID          72  -1378.6500      -742.34998      -1810.0000       1.1403908       1040.5200    
           1 ID          73  -884.45001      -459.54996      -1810.0000       1.5945665       1041.4165    
           1 ID          74  -1448.6500      -106.05000      -1810.0000       1.2047138       1042.0325    
           1 ID          75  -1378.6500       388.85001      -1810.0000      0.61406291       1043.6348    
           1 ID          76  -1520.7499      -35.349998      -1810.0000      0.59809083       1045.1160    
           1 ID          77  -248.14998      -176.75000      -1810.0000      0.58817983       1050.0364    
           1 ID          78  -1308.6499       742.34998      -1810.0000       1.7786384       1051.9106    
           1 ID          79  -1236.5500       813.04993      -1810.0000       1.3118979       1052.7961    
           1 ID          80  -460.24997      -1378.6500      -1810.0000       1.9055743       1057.1650    
           1 ID          81  -742.34998      -1378.6500      -1810.0000       1.1644427       1058.3660    
           1 ID          82  -721.37567       1528.3052      -1127.5000       1.2983383       1058.6089    
           1 ID          83  -742.34998       883.74994      -1810.0000       1.6173682       1062.4580    
           1 ID          84   176.05000      -35.349998      -1810.0000       1.7021606       1065.0933    
           1 ID          85  -106.05000      -671.65002      -1810.0000      0.52330673       1065.4033    
           1 ID          86  -176.65450      -1680.7418      -1763.7999       1.9076086       1068.3071    
           1 ID          87   248.14998       530.24994      -1810.0000       1.6183637       1071.7678    
           1 ID          88   388.14999       530.24994      -1810.0000      0.77357680       1071.9299    
           1 ID          89  -1636.9058      -420.28506      -1629.7999      0.96939737       1072.0979    
           1 ID          90  -672.35004      -1166.5499      -1810.0000      0.65479058       1072.6333    
           1 ID          91  -672.35004       1449.3500      -1810.0000       1.0875075       1074.1235    
           1 ID          92  -104.11964       1686.7896      -1127.5000      0.78137976       1075.2300    
           1 ID          93   106.05000      -1378.6500      -1810.0000      0.62215316       1078.1646    
           1 ID          94   589.08685       1584.0065      -1060.5000       1.2107073       1078.7070    
           1 ID          95  -1665.9984       283.81201       145.09999       1.7664437       1084.0151    
           1 ID          96   387.85831      -1644.8909      -636.29999       1.3131028       1092.7678    
           1 ID          97   587.21088      -1584.7029      -1629.7999      0.73787081       1107.5933    
           1 ID          98   1021.7712      -1346.1365      -424.19998      0.75184524       1107.9976    
           1 ID          99   907.23438      -1425.8422      -1272.6000      0.23776504       1119.3699    
           1 ID         100   1325.6825      -1048.1727      -1551.7000      4.94569317E-02   1122.2959    
           1 ID         101   1129.3439       1257.2520      -1127.5000      0.68484735       1134.0505    
           1 ID         102  -1590.7500       176.75000       1810.0000       1.8160055       1156.4006    
           1 ID         103  -1323.1981       1051.3071       67.000000      0.95452160       1187.4629    
           1 ID         104   35.393097       1689.6293       703.29999       1.1741811       1219.1646    
           1 ID         105  -721.37567       1528.3052       1060.5000       2.1409590       1251.7866    
           1 ID         106   316.67468       1660.0654       145.09999       1.8965418       1268.8904    
           1 ID         107   884.44995      -954.44995      -1810.0000       1.0748075       1285.0493    
           1 ID         108   1323.1987       1051.3063      -915.39996       1.2173283       1304.3899    
           1 ID         109   1596.6523      -553.89636       569.29999      0.34320357       1425.9731    
           1 ID         110   318.14999      -35.349998      -1810.0000       5.0255237       1428.5916    
           1 ID         111  -1024.4501      -247.44998      -1810.0000      0.23006742       1488.1885    
           1 ID         112  -1676.9232       209.82979       1060.5000      0.24134152       1534.6440    
           1 ID         113   812.34991       1378.6499      -1810.0000       1.2483139       1552.5215    
           1 ID         114   1231.9570       1156.8844       1060.5000       11.826091       1559.8418    
           1 ID         115   1308.6499       813.04993      -1810.0000       2.3598239       1568.8301    
           1 ID         116   1367.2377      -993.35846       848.39996      0.43728888       1569.3196    
           1 ID         117   672.34998      -318.14999      -1810.0000      0.19304149       1569.4546    
           1 ID         118   1407.6367      -935.23206      -1696.7999      0.79240048       1630.6777    
           1 ID         119   589.08685       1584.0065      -1205.5999       2.1301868       1679.0115    
           1 ID         120  -1571.3220       622.13098      -569.29999      0.67513698       1702.8174    
           1 ID         121   966.14777       1386.5996       1060.5000       1.1310260       1712.4878    
           1 OD         151  -504.35986       1670.5227      -883.74994       1.1956387       855.87744    
           1 OD         152  -1473.3529      -935.01685       176.75000      8.09592102E-03   879.97119    
           1 OD         153  -70.699997       353.50000      -1865.0000      0.60496569       987.66650    
           1 OD         154   1635.5570       608.25824      -1307.9500       1.0622312       1026.3853    
           1 OD         155   1698.8947      -398.47427      -176.75000       1.3250551       1168.6118    
           1 OD         156  -141.40001      -353.50000      -1865.0000      0.71419299       1205.7642    
           1 OD         157   218.70670       1731.2401      -1025.1500      0.54214996       1406.8540    
           1 TIME  7.60247989E-04
           1 VERTEX  -1358.9000      -257.70001      -79.099998    
           1 PARTICLE         -11  -1.7935693      -3.7952168      -11.755249       12.482245	2
           1 NEXTEVENT
           1 ID           1  -1183.8589       1206.0590      -1339.6000      0.77293605       518.20898    
           1 ID           2   1021.7712      -1346.1365      -993.49994       1.4797329       532.60938    
           1 ID           3   1077.2467       1302.1671       0.0000000      0.74009287       537.20410    
           1 ID           4  -1676.6738      -211.81259      -424.19998      0.99270713       583.47168    
           1 ID           5   530.24994      -1025.1500       1810.0000       1.6250157       594.42773    
           1 ID           6   1021.7712      -1346.1365       1763.7999      0.55306530       625.37305    
           1 ID           7  -782.97174      -1497.6832      -212.09999      0.89607543       783.05176    
           1 ID           8  -721.37567       1528.3052       67.000000      0.37328118       814.74414    
           1 ID           9  -1596.6530      -553.89484      -1763.7999       1.5630251       843.56836    
           1 ID          10  -460.24997      -1166.5499       1810.0000      0.70146412       863.19922    
           1 ID          11  -35.392441       1689.6294      -357.20001       1.3356599       893.22559    
           1 ID          12   1444.5273      -877.17780       1551.7000       1.4628711       931.62305    
           1 ID          13  -36.049999       600.94995       1810.0000      0.46042958       951.25000    
           1 ID          14   36.049999       530.24994       1810.0000       1.8448428       953.77734    
           1 ID          15  -36.049999       388.85001       1810.0000       2.9815075       953.88867    
           1 ID          16  -36.049999       883.74994       1810.0000       9.5364704       954.21680    
           1 ID          17   176.05000       600.94995       1810.0000       1.6991065       956.34668    
           1 ID          18  -1129.3430       1257.2527       848.39996      0.91671622       956.76270    
           1 ID          19  -176.05000       1237.2499       1810.0000       1.1993893       957.65332    
           1 ID          20   248.14998       388.85001       1810.0000       1.5922408       958.64258    
           1 ID          21   176.05000       1025.1499       1810.0000      0.20677376       958.97461    
           1 ID          22  -36.049999       176.75000       1810.0000       1.9495120       962.39258    
           1 ID          23  -600.25000       35.349998       1810.0000       1.3244457       963.27441    
           1 ID          24   530.24994       600.94995       1810.0000      0.77052915       964.18457    
           1 ID          25   388.14999       742.34998       1810.0000       1.7106961       964.41113    
           1 ID          26   176.05000      -176.75000       1810.0000       1.3587168       966.34570    
           1 ID          27   318.14999       176.75000       1810.0000       1.3969364       966.79199    
           1 ID          28   530.24994       813.04993       1810.0000       2.2829826       967.80859    
           1 ID          29   36.049999      -247.44998       1810.0000       1.6295819       968.85840    
           1 ID          30   106.05000      -35.349998       1810.0000      0.81728899       969.87793    
           1 ID          31  -812.34998      -176.75000       1810.0000       1.6770744       971.95703    
           1 ID          32   248.14998      -176.75000       1810.0000       1.4204814       973.29590    
           1 ID          33   672.34998       318.14999       1810.0000       1.3780997       974.35059    
           1 ID          34   742.34998       671.64996       1810.0000      0.57688022       975.03223    
           1 ID          35   672.34998       742.34998       1810.0000       1.1249927       978.30859    
           1 ID          36   176.05000      -388.84998       1810.0000       4.6400576       979.33984    
           1 ID          37   845.00031       1463.5828       1629.7999      0.92198229       979.92383    
           1 ID          38   954.44995       459.54999       1810.0000       1.3204001       981.14844    
           1 ID          39   1024.4500       247.44998       1810.0000       1.1281593       981.34473    
           1 ID          40   884.44995       530.24994       1810.0000       1.6987413       981.82129    
           1 ID          41   248.14998      -671.65002       1810.0000       1.6085464       985.09570    
           1 ID          42   1183.8594       1206.0585       993.49994      0.66088730       987.04883    
           1 ID          43   1368.4135       991.73822       781.39996       1.1764154       987.84180    
           1 ID          44   1183.8594       1206.0585       1339.6000      0.71999806       988.10059    
           1 ID          45  -248.14998      -671.65002       1810.0000      0.72004527       988.06250    
           1 ID          46  -1688.5176       70.770676       279.09998       1.2034169       988.58398    
           1 ID          47   1129.3439       1257.2520       1339.6000      0.56571442       988.74707    
           1 ID          48  -106.05000      -813.04999       1810.0000       1.6297466       990.50879    
           1 ID          49   1595.3373       557.67291       1629.7999      0.28333801       992.20313    
           1 ID          50   1308.6499       742.34998       1810.0000       3.8193283       994.32129    
           1 ID          51   1231.9570       1156.8844       1205.5999      0.31985527       995.36426    
           1 ID          52   1543.8918       687.38483       1060.5000      0.55070573       997.30371    
           1 ID          53   1514.6411       749.64142       1551.7000       1.4959736       998.56152    
           1 ID          54   1618.4469       486.54868       491.19995       1.7766175       1000.0166    
           1 ID          55   530.24994      -883.75000       1810.0000       1.1561309       1000.0488    
           1 ID          56   1166.5499      -35.349998       1810.0000      0.80173951       1000.3867    
           1 ID          57  -522.23969      -1607.2853      -212.09999      0.50722361       1003.5713    
           1 ID          58   1618.4469       486.54868       636.29999      0.92487484       1003.7744    
           1 ID          59  -1325.6840      -1048.1708       279.09998       1.0938203       1004.8135    
           1 ID          60  -1368.4130       991.73883       212.09999      0.82577127       1005.2764    
           1 ID          61   1543.8918       687.38483       1272.6000      0.63015836       1005.8535    
           1 ID          62  -1445.5652       875.46637       636.29999       1.0989012       1006.1260    
           1 ID          63   1653.0695       351.37070       1417.7000      0.27191114       1007.5400    
           1 ID          64   1448.6500       106.05000       1810.0000       1.0906758       1007.5869    
           1 ID          65   522.23901       1607.2854      -848.39996       1.0485239       1008.5615    
           1 ID          66  -1075.7051      -1303.4412       848.39996       1.7928969       1010.3076    
           1 ID          67   1684.0730       141.41553       357.20001       1.0608417       1009.9619    
           1 ID          68   1665.9987       283.81094       1696.7999       1.9855199       1010.6836    
           1 ID          69   1231.9570       1156.8844      -424.19998       1.4018326       1010.7266    
           1 ID          70   1448.6500       176.75000       1810.0000      0.98420966       1011.8682    
           1 ID          71   1676.9233       209.82874       848.39996      0.59759420       1013.3115    
           1 ID          72  -719.56799      -1529.1572       212.09999      0.79574037       1017.8965    
           1 ID          73   33.391663      -1689.6700       848.39996       1.0967197       1017.9092    
           1 ID          74   721.37628       1528.3051       1417.7000      0.82720226       1018.5176    
           1 ID          75   1520.7499      -247.44998       1810.0000       1.3332206       1019.4805    
           1 ID          76   1652.6521      -353.32861       1696.7999      0.57439911       1020.4248    
           1 ID          77   36.049999      -318.14999       1810.0000      0.94157809       1021.1982    
           1 ID          78  -108.11292      -1686.5383       993.49994       1.9075667       1021.2900    
           1 ID          79   1096.5499      -1025.1500       1810.0000      0.87263048       1021.6074    
           1 ID          80  -176.65450      -1680.7418       848.39996      0.44619483       1022.8223    
           1 ID          81   964.50476      -1387.7430       1551.7000       1.0116855       1023.0898    
           1 ID          82   1652.6521      -353.32861       67.000000      0.74491704       1023.1152    
           1 ID          83   587.21088      -1584.7029       636.29999       1.3626746       1023.9473    
           1 ID          84   964.50476      -1387.7430       491.19995      0.37752682       1024.7109    
           1 ID          85   1684.0729      -141.41719       569.29999       1.5653442       1024.7813    
           1 ID          86   587.21088      -1584.7029       1417.7000      0.76782656       1025.1035    
           1 ID          87  -33.394039      -1689.6700       491.19995      0.38094983       1025.3047    
           1 ID          88   454.47339      -1627.7450       781.39996      0.86092061       1026.2393    
           1 ID          89   1481.9200      -812.41187       212.09999       1.4428800       1026.8438    
           1 ID          90  -522.23969      -1607.2853      -279.09998       1.0385987       1027.0967    
           1 ID          91   1666.6655      -279.86801       1551.7000      0.45396772       1028.5889    
           1 ID          92  -314.71039      -1660.4390       781.39996      0.76064825       1029.0889    
           1 ID          93   719.56586      -1529.1582       1551.7000       1.5472167       1028.7070    
           1 ID          94  -587.21313      -1584.7020       0.0000000      0.38679984       1028.9336    
           1 ID          95   1182.4304      -1207.4594      -67.000000      0.80938715       1029.4629    
           1 ID          96   742.34998       459.54999       1810.0000       5.8198519       1030.3135    
           1 ID          97   1368.4135       991.73822      -212.09999       1.3415490       1030.2158    
           1 ID          98   108.11054      -1686.5385      -212.09999       8.0650702       1034.0137    
           1 ID          99   1617.8695      -488.46497      -569.29999      0.34998971       1036.5342    
           1 ID         100   1617.8695      -488.46497      -212.09999      0.99794978       1036.6934    
           1 ID         101  -176.65450      -1680.7418      -357.20001      0.80361253       1040.7656    
           1 ID         102   719.56586      -1529.1582      -424.19998       1.8781400       1041.5410    
           1 ID         103   1513.7524      -751.43439      -781.39996      0.48115477       1044.1836    
           1 ID         104   1676.6737      -211.81454      -848.39996       1.8886793       1047.3574    
           1 ID         105   1666.6655      -279.86801      -848.39996      0.46262825       1048.0410    
           1 ID         106   522.23743      -1607.2860      -993.49994       1.0226055       1052.3418    
           1 ID         107  -383.96518       1645.8040       424.19998       1.1119058       1053.2979    
           1 ID         108   1182.4304      -1207.4594      -1272.6000      0.44724584       1054.9854    
           1 ID         109   1021.7727       1346.1354      -1127.5000      0.80912161       1056.8447    
           1 ID         110  -108.11292      -1686.5383      -1127.5000      0.80651402       1057.6543    
           1 ID         111  -1444.5289      -877.17505       569.29999       2.8063738       1058.3525    
           1 ID         112   742.34998       530.24994       1810.0000       1.2160683       1058.9736    
           1 ID         113   1278.0129      -1105.7950      -1205.5999      0.58955467       1060.1602    
           1 ID         114  -388.14996      -1166.5499      -1810.0000       2.0574274       1063.7305    
           1 ID         115   1407.6367      -935.23206       279.09998       1.6846966       1066.6826    
           1 ID         116   587.21088      -1584.7029      -1060.5000      0.31536445       1067.2588    
           1 ID         117   1182.4304      -1207.4594      -1484.7000       1.0257335       1068.6221    
           1 ID         118   843.26569      -1464.5829      -1417.7000      0.86615521       1068.9941    
           1 ID         119   178.64249       1680.5317      -1272.6000       1.2527361       1077.4033    
           1 ID         120   1308.6499      -742.34998      -1810.0000      0.32746628       1078.1689    
           1 ID         121  -522.23969      -1607.2853       1339.6000      0.35865912       1091.0752    
           1 ID         122   954.44995      -1025.1500       1810.0000       1.4186945       1092.2441    
           1 ID         123   176.05000      -1307.9500      -1810.0000       1.2704705       1093.0605    
           1 ID         124  -108.11292      -1686.5383       1484.7000       1.5480486       1104.3203    
           1 ID         125   388.14999      -1166.5499      -1810.0000       1.0572073       1110.1299    
           1 ID         126   1676.9233       209.82874      -993.49994       1.2848384       1119.1094    
           1 ID         127   388.14999       1449.3500      -1810.0000       1.8184789       1125.2988    
           1 ID         128   742.34998       671.64996      -1810.0000       1.7864112       1126.0771    
           1 ID         129  -1596.6530      -553.89484       1763.7999       1.0213110       1149.9951    
           1 ID         130   1684.0729      -141.41719       1339.6000      0.49956909       1160.7422    
           1 ID         131  -1513.7533      -751.43268      -1696.7999       1.5000067       1162.9922    
           1 ID         132   1368.4135       991.73822      -491.19995      0.85400349       1191.0791    
           1 ID         133  -1444.5289      -877.17505       1127.5000       1.3650451       1201.3779    
           1 ID         134  -176.65450      -1680.7418       1629.7999      0.77417237       1259.4834    
           1 ID         135  -1096.5499       954.44995       1810.0000      0.93584204       1263.0000    
           1 ID         136  -1666.6659      -279.86606       0.0000000      9.32596177E-02   1269.0371    
           1 ID         137  -721.37567       1528.3052      -145.09999       2.6692507       1300.5518    
           1 ID         138  -316.67383       1660.0656      -703.29999       1.2292619       1317.0488    
           1 ID         139  -318.14999       459.54999      -1810.0000      0.95389223       1328.5469    
           1 ID         140  -1445.5652       875.46637      -848.39996       1.5189149       1347.3027    
           1 ID         141   36.049999       1237.2499      -1810.0000      0.72795278       1381.9287    
           1 ID         142   108.11054      -1686.5385      -1763.7999       1.2304103       1400.9082    
           1 ID         143  -1132.3168      -1254.5751      -1060.5000       1.8818345       1488.8047    
           1 ID         144   1618.4469       486.54868      -1205.5999       3.3686233       1539.6982    
           1 ID         145   782.96893      -1497.6848      -1060.5000      0.85945988       1541.2197    
           1 ID         146  -1183.8589       1206.0590      -145.09999       2.0328121       1557.3457    
           1 ID         147   176.05000      -1025.1500      -1810.0000      0.48359463       1591.5381    
           1 ID         148  -844.99939       1463.5833      -993.49994      0.88747627       1672.1250    
           1 ID         149  -1132.3168      -1254.5751      -569.29999      0.29024464       1679.7080    
           1 ID         150  -1676.6738      -211.81259       569.29999       3.0451884       1706.0869    
           1 ID         151   383.96600       1645.8038       1127.5000       6.1771336       1747.3418    
           1 ID         152   1021.7712      -1346.1365       1551.7000       2.1552279       1770.1909    
           1 OD          66   1741.5565      -109.57086       671.64996      0.66455775       858.26953    
           1 OD          67   1726.2800      -254.91579       600.95001      0.19682261       883.81641    
           1 OD          68   1025.6854       1411.7345       1307.9500       1.7744781       927.00781    
           1 OD          69   1744.6172       36.544518      -459.54999      0.85976958       965.96484    
           1 OD          70   1296.7872      -1167.6334       459.54999       3.5906770       1001.1523    
           1 OD          71   1432.9053       995.89508       671.64996       1.4636651       1104.0078    
           1 OD          72   1578.9232       742.98474       1307.9500       2.5481932       1183.9414    
           1 OD          73   1296.7872      -1167.6334       35.349998      0.44908702       1295.3594    
           1 OD          74  -1194.5356      -1272.0493       35.349998      0.91211033       1414.5352    
           1 TIME  1.09526003E-03
           1 VERTEX  -333.79999       709.50000       932.00000    
           1 PARTICLE         -11   6.5467777      -13.622004      -1.7612363       15.215822               2
           1 NEXTEVENT
           1 ID           1   108.11054      -1686.5385      -212.09999      0.88472050       486.95313    
           1 ID           2   1676.9233       209.82874       848.39996       1.5431852       522.65918    
           1 ID           3  -108.11292      -1686.5383      -569.29999       2.4813569       529.14160    
           1 ID           4   1448.6500       671.64996      -1810.0000      0.86131078       534.12500    
           1 ID           5   1278.0129      -1105.7950       212.09999      0.44203410       544.67871    
           1 ID           6   884.44995       1095.8500      -1810.0000       1.9127717       548.62012    
           1 ID           7  -1021.7737      -1346.1348      -636.29999      0.54627973       575.29688    
           1 ID           8  -1676.9232       209.82979       1484.7000      0.79534334       583.25684    
           1 ID           9   522.23901       1607.2854      -1696.7999       1.1281420       584.15430    
           1 ID          10  -35.392441       1689.6294       569.29999       1.5637535       606.79199    
           1 ID          11   1166.5499       1095.8500      -1810.0000      0.79700875       608.37207    
           1 ID          12   1096.5499       35.349998       1810.0000       3.7443805       631.04785    
           1 ID          13  -1236.5500       530.24994      -1810.0000      0.51718950       634.28027    
           1 ID          14  -721.37567       1528.3052      -1339.6000       1.3335605       666.51953    
           1 ID          15  -1689.9988       2.0007894      -491.19995       1.3567311       686.79883    
           1 ID          16   1636.9052      -420.28735       1205.5999       2.0796726       689.47949    
           1 ID          17   1596.6523      -553.89636      -1551.7000      0.41396913       696.30566    
           1 ID          18  -1445.5652       875.46637       781.39996       1.0832156       697.03418    
           1 ID          19   1096.5499      -247.44998       1810.0000       1.3324937       809.34082    
           1 ID          20  -460.24997      -1590.7500      -1810.0000       1.5793839       812.52930    
           1 ID          21  -106.05000      -106.05000      -1810.0000      0.63851249       821.84277    
           1 ID          22   1183.8594       1206.0585      -1417.7000       2.4473610       941.69629    
           1 ID          23  -1166.5499      -883.75000       1810.0000      0.96543145       982.23730    
           1 ID          24  -1236.5500      -600.95001       1810.0000       2.4067230       987.56152    
           1 ID          25  -1166.5499      -813.04999       1810.0000       13.254319       987.80273    
           1 ID          26  -1444.5289      -877.17505       1763.7999      0.48462364       988.47070    
           1 ID          27  -1166.5499      -671.65002       1810.0000       2.5315664       988.17383    
           1 ID          28  -1308.6499      -742.34998       1810.0000       3.0761590       988.20605    
           1 ID          29  -1166.5499      -742.34998       1810.0000       2.0675364       989.32324    
           1 ID          30  -1236.5500      -742.34998       1810.0000       7.3642936       989.38672    
           1 ID          31  -1096.5499      -813.04999       1810.0000       3.6600871       989.30859    
           1 ID          32  -1096.5499      -883.75000       1810.0000       8.1724215       989.71875    
           1 ID          33  -1308.6499      -671.65002       1810.0000       8.2437134       989.88867    
           1 ID          34  -1024.4501      -883.75000       1810.0000       2.0822170       990.46777    
           1 ID          35  -1096.5499      -954.44995       1810.0000      0.86789650       990.38281    
           1 ID          36  -1308.6499      -600.95001       1810.0000       3.8402333       990.63477    
           1 ID          37  -1308.6499      -813.04999       1810.0000       1.2194965       990.76465    
           1 ID          38  -954.44995      -671.65002       1810.0000       1.9869004       991.38672    
           1 ID          39  -1378.6500      -600.95001       1810.0000       6.4134326       991.48730    
           1 ID          40  -1024.4501      -954.44995       1810.0000       1.3103576       992.70117    
           1 ID          41  -1096.5499      -742.34998       1810.0000       2.5677581       992.19238    
           1 ID          42  -1236.5500      -671.65002       1810.0000       3.4548764       992.34375    
           1 ID          43  -1308.6499      -954.44995       1810.0000      0.80125570       992.35352    
           1 ID          44  -1378.6500      -671.65002       1810.0000       1.1430229       992.45313    
           1 ID          45  -1096.5499      -671.65002       1810.0000      0.40482751       994.01855    
           1 ID          46  -1024.4501      -600.95001       1810.0000       3.3955002       995.29590    
           1 ID          47  -1024.4501      -813.04999       1810.0000       1.7861671       995.55273    
           1 ID          48  -884.45001      -742.34998       1810.0000       1.5194496       995.35742    
           1 ID          49  -1024.4501      -671.65002       1810.0000      0.21447177       995.73438    
           1 ID          50  -1236.5500      -388.84998       1810.0000       1.6587663       996.79688    
           1 ID          51  -1236.5500      -883.75000       1810.0000       7.9610019       997.19922    
           1 ID          52  -1308.6499      -530.25000       1810.0000      0.24365903       996.98730    
           1 ID          53  -1236.5500      -813.04999       1810.0000      0.30987626       997.61621    
           1 ID          54  -884.45001      -671.65002       1810.0000      0.79601759       998.25586    
           1 ID          55  -1308.6499      -459.54996       1810.0000      0.82440257       998.13574    
           1 ID          56  -884.45001      -600.95001       1810.0000       2.5586665       998.23242    
           1 ID          57  -1096.5499      -388.84998       1810.0000       1.0112178       998.13867    
           1 ID          58  -884.45001      -1025.1500       1810.0000      0.91060263       998.60742    
           1 ID          59  -884.45001      -530.25000       1810.0000       1.3343742       998.79297    
           1 ID          60  -1448.6500      -388.84998       1810.0000       3.4882054       998.52148    
           1 ID          61  -812.34998      -742.34998       1810.0000       2.0720441       998.74902    
           1 ID          62  -954.44995      -530.25000       1810.0000      0.89955783       999.06738    
           1 ID          63  -1448.6500      -459.54996       1810.0000       1.0970018       999.23242    
           1 ID          64  -884.45001      -954.44995       1810.0000       2.1768351       999.43359    
           1 ID          65  -1024.4501      -459.54996       1810.0000       2.2088051       1000.5186    
           1 ID          66  -1520.7499      -530.25000       1810.0000       2.0256257       1000.7178    
           1 ID          67  -1520.7499      -459.54996       1810.0000       2.3588853       1001.5586    
           1 ID          68  -1166.5499      -318.14999       1810.0000       1.4037807       1002.2764    
           1 ID          69  -1448.6500      -600.95001       1810.0000      0.13622351       1002.7842    
           1 ID          70  -1236.5500      -247.44998       1810.0000       2.0440512       1003.0078    
           1 ID          71  -1596.6530      -553.89484       1763.7999       2.1359076       1002.8008    
           1 ID          72  -1590.7500      -459.54996       1810.0000      0.87274104       1004.9590    
           1 ID          73  -1570.5853      -623.98865       1339.6000      0.71377027       1005.2295    
           1 ID          74  -742.34998      -459.54996       1810.0000       2.2293985       1005.7275    
           1 ID          75  -812.34998      -388.84998       1810.0000       2.7811704       1005.8740    
           1 ID          76  -812.34998      -530.25000       1810.0000      0.79024613       1005.8682    
           1 ID          77  -672.35004      -671.65002       1810.0000      0.87353402       1006.7354    
           1 ID          78  -1636.9054       420.28632       1696.7999      0.93132406       1007.4785    
           1 ID          79  -1166.5499      -106.05000       1810.0000       2.1618109       1007.5049    
           1 ID          80  -1590.7500      -247.44998       1810.0000       2.0092123       1009.5049    
           1 ID          81  -1024.4501      -318.14999       1810.0000      0.86316252       1009.7148    
           1 ID          82  -1308.6499      -106.05000       1810.0000      0.50095391       1010.5820    
           1 ID          83  -1666.6659      -279.86606       1629.7999      0.37582716       1011.1143    
           1 ID          84  -742.34998      -388.84998       1810.0000      0.54577053       1011.7275    
           1 ID          85  -530.25000      -459.54996       1810.0000       1.5485784       1011.7109    
           1 ID          86  -1688.4327      -72.767281       1629.7999       1.5650098       1014.4893    
           1 ID          87  -672.35004      -176.75000       1810.0000       1.0417842       1014.4355    
           1 ID          88  -742.34998      -176.75000       1810.0000       1.6451780       1015.8984    
           1 ID          89  -1684.0730      -141.41483       1629.7999       1.2759389       1016.0830    
           1 ID          90  -460.24997      -742.34998       1810.0000       1.3065740       1016.0205    
           1 ID          91  -1688.4327      -72.767281       1551.7000       1.5128963       1017.4355    
           1 ID          92  -460.24997      -530.25000       1810.0000      0.32797238       1018.5156    
           1 ID          93  -600.25000      -247.44998       1810.0000      0.32074162       1023.5146    
           1 ID          94  -1665.9984       283.81201       1551.7000       1.0764564       1024.2783    
           1 ID          95  -318.14999      -318.14999       1810.0000       2.2583592       1024.8584    
           1 ID          96  -1684.0729       141.41614       1484.7000       1.9622362       1026.0049    
           1 ID          97  -176.05000      -459.54996       1810.0000      0.48458114       1026.0791    
           1 ID          98  -318.14999      -176.75000       1810.0000      0.69239867       1026.9219    
           1 ID          99  -176.05000      -318.14999       1810.0000      0.89250088       1027.5605    
           1 ID         100  -176.05000      -247.44998       1810.0000       1.0206822       1028.1387    
           1 ID         101  -1520.7499       247.44998       1810.0000       1.2103682       1030.0830    
           1 ID         102  -1653.0693       351.37140       1763.7999       1.4702699       1030.8740    
           1 ID         103  -176.05000      -176.75000       1810.0000       1.5006779       1031.3760    
           1 ID         104  -530.25000       247.44998       1810.0000      0.97715998       1032.2012    
           1 ID         105  -176.05000      -106.05000       1810.0000      0.87716615       1033.6631    
           1 ID         106   176.05000       742.34998       1810.0000       1.1841041       1034.0127    
           1 ID         107  -884.45001       388.85001       1810.0000       1.3040366       1034.8066    
           1 ID         108  -106.05000      -247.44998       1810.0000       1.0661411       1038.2480    
           1 ID         109  -1543.8914       687.38593       1629.7999       1.5438529       1042.2979    
           1 ID         110  -1676.9232       209.82979       1127.5000       1.5169344       1043.7686    
           1 ID         111  -248.14998      -106.05000       1810.0000      0.68474025       1044.8115    
           1 ID         112  -1571.3220       622.13098       1696.7999       2.3298540       1047.7529    
           1 ID         113  -1479.9933       815.91638       1551.7000       1.8168677       1048.1689    
           1 ID         114  -460.24997       459.54999       1810.0000      0.59171599       1050.3809    
           1 ID         115  -318.14999       459.54999       1810.0000       1.9690957       1051.3945    
           1 ID         116   903.85809       1427.9846      -915.39996       1.3653686       1052.0811    
           1 ID         117  -33.394039      -1689.6700       1417.7000       1.6932842       1051.8037    
           1 ID         118   248.14998      -106.05000       1810.0000      0.66258556       1052.3525    
           1 ID         119  -1407.6366       935.23218       1551.7000       1.5914972       1054.1045    
           1 ID         120  -460.24997       600.94995       1810.0000       1.5376409       1054.6602    
           1 ID         121  -248.14998       530.24994       1810.0000       1.2753471       1056.6592    
           1 ID         122  -1368.4130       991.73883       1339.6000      0.94749022       1057.1816    
           1 ID         123  -318.14999       742.34998       1810.0000      0.33124498       1059.3311    
           1 ID         124   106.05000       176.75000       1810.0000       1.2451363       1060.8047    
           1 ID         125  -1096.5499       459.54999       1810.0000       1.4284546       1061.3994    
           1 ID         126  -1279.3215       1104.2810       1417.7000       2.4170103       1063.4326    
           1 ID         127   106.05000       459.54999       1810.0000       1.0112920       1065.3994    
           1 ID         128  -388.14996       954.44995       1810.0000       1.4684173       1067.9434    
           1 ID         129   522.23743      -1607.2860       1696.7999       1.1838402       1069.3467    
           1 ID         130   387.85831      -1644.8909      -145.09999      0.25769746       1075.8555    
           1 ID         131   587.21088      -1584.7029       1060.5000       1.5268948       1077.9434    
           1 ID         132  -1378.6500      -459.54996       1810.0000       2.3117552       1078.7715    
           1 ID         133  -176.65450      -1680.7418       491.19995      0.89514315       1079.4697    
           1 ID         134   106.05000       954.44995       1810.0000       1.3360231       1079.6445    
           1 ID         135  -844.99939       1463.5833       1339.6000      0.89001143       1081.5977    
           1 ID         136   600.24994       600.94995       1810.0000      0.48415655       1081.9111    
           1 ID         137  -844.99939       1463.5833       1763.7999       1.2465860       1084.8525    
           1 ID         138  -721.37567       1528.3052       1205.5999       2.1357608       1087.5068    
           1 ID         139  -721.37567       1528.3052       993.49994      0.47523746       1090.4658    
           1 ID         140  -456.39999       1627.2059       1763.7999       1.5165505       1090.1094    
           1 ID         141  -589.08606       1584.0068       1205.5999      0.37559891       1091.3936    
           1 ID         142  -1231.9576      -1156.8839       1060.5000      0.87530041       1095.0811    
           1 ID         143  -721.37567       1528.3052       357.20001       2.1449244       1100.8867    
           1 ID         144   178.64249       1680.5317       848.39996      0.94953007       1106.8564    
           1 ID         145   522.23901       1607.2854       1339.6000      0.73756123       1109.4463    
           1 ID         146  -1166.5499      -459.54996       1810.0000      0.29431245       1110.6504    
           1 ID         147  -1024.4501       35.349998       1810.0000      0.49322557       1111.5566    
           1 ID         148  -1236.5500      -459.54996       1810.0000       1.0836791       1112.3408    
           1 ID         149   522.23901       1607.2854       1629.7999      0.64867693       1113.5020    
           1 ID         150   845.00031       1463.5828       1127.5000       1.3011378       1118.0000    
           1 ID         151   782.97046       1497.6840       1484.7000       2.4338140       1120.2568    
           1 ID         152   1279.3217       1104.2808       1629.7999       1.4101088       1120.2979    
           1 ID         153  -36.049999      -318.14999       1810.0000      0.83611524       1119.8584    
           1 ID         154   1021.7727       1346.1354       1696.7999       1.6100252       1122.9268    
           1 ID         155   1182.4304      -1207.4594       212.09999       1.2056782       1123.6514    
           1 ID         156   1378.6499       813.04993       1810.0000      0.97807419       1129.8076    
           1 ID         157   1075.7031      -1303.4426       357.20001      0.66220635       1134.6162    
           1 ID         158   1479.9939       815.91565       848.39996      0.58583397       1137.7646    
           1 ID         159  -903.85742       1427.9852      -703.29999       1.4754506       1143.7451    
           1 ID         160  -1166.5499      -459.54996      -1810.0000       1.8225579       1150.7227    
           1 ID         161  -1166.5499       318.14999      -1810.0000       1.4212991       1157.2119    
           1 ID         162  -812.34998      -1025.1500       1810.0000       1.6469221       1164.2051    
           1 ID         163   383.96600       1645.8038       212.09999       1.3433348       1168.3330    
           1 ID         164  -36.049999       1025.1499       1810.0000       1.2946340       1195.5322    
           1 ID         165  -884.45001       35.349998      -1810.0000       2.4979661       1202.1865    
           1 ID         166   964.50476      -1387.7430       703.29999       1.0016640       1234.3184    
           1 ID         167  -246.88145      -1671.8701      -993.49994       1.7860627       1250.8789    
           1 ID         168  -522.23969      -1607.2853      -279.09998       2.7428246       1257.3877    
           1 ID         169  -36.049999      -813.04999      -1810.0000       1.4782243       1265.6064    
           1 ID         170  -742.34998       1307.9500      -1810.0000      0.37517250       1277.0674    
           1 ID         171   1021.7712      -1346.1365      -569.29999       1.7912724       1322.3193    
           1 ID         172  -653.05664       1558.7228      -212.09999       1.7106230       1324.2119    
           1 ID         173   1444.5273      -877.17780       1484.7000      0.80166560       1340.0020    
           1 ID         174  -1075.7051      -1303.4412       491.19995      0.77390110       1369.2734    
           1 ID         175   1689.9988       1.9999992       703.29999      0.61876172       1416.4209    
           1 ID         176  -589.08606       1584.0068      -1551.7000       13.119026       1445.0537    
           1 ID         177  -812.34998      -954.44995      -1810.0000      0.38569501       1545.0615    
           1 ID         178  -1325.6840      -1048.1708      -491.19995       1.4898454       1592.4990    
           1 ID         179   1543.8918       687.38483      -1551.7000       1.1064596       1688.4150    
           1 ID         180   1407.6367      -935.23206       703.29999      0.91508430       1696.7627    
           1 ID         181  -178.64142       1680.5319      -1339.6000      0.68555570       1735.2168    
           1 ID         182   1665.9987       283.81094      -1551.7000       1.5273598       1779.3818    
           1 OD          82  -775.88770       1563.0173      -1095.8500       2.5520146       640.91602    
           1 OD          83   565.59998      -636.29999       1865.0000       3.8339806       659.06836    
           1 OD          84  -1511.2139       872.50085      -1025.1500       1.2927834       776.65820    
           1 OD          85  -840.66119      -1529.1545       813.04999       2.7229757       1158.3887    
           1 TIME  1.41774002E-03
           1 VERTEX  -1236.8000      -777.70001       1558.0000    
           1 PARTICLE         -11   5.4436874       14.443336       7.7455373       17.269541               2
           1 NEXTEVENT
           1 ID           1   672.34998       35.349998      -1810.0000       1.3428748       512.13965    
           1 ID           2  -1570.5853      -623.98865       212.09999      0.91476691       539.98145    
           1 ID           3  -1096.5499       176.75000      -1810.0000       1.0038037       558.93848    
           1 ID           4   589.08685       1584.0065       67.000000      0.63517135       578.17188    
           1 ID           5   1325.6825      -1048.1727       1417.7000      0.35332051       601.86133    
           1 ID           6   656.74377      -1557.1730       1629.7999       2.5939853       604.82031    
           1 ID           7  -966.14697       1386.6001      -569.29999      0.50483382       686.47852    
           1 ID           8   1129.3439       1257.2520      -1417.7000      0.92198730       722.80078    
           1 ID           9   719.56586      -1529.1582      -1629.7999      0.95956421       723.10645    
           1 ID          10   1021.7727       1346.1354      -1763.7999      0.18746522       726.08105    
           1 ID          11  -653.05664       1558.7228      -993.49994       1.6417128       743.67969    
           1 ID          12   907.23438      -1425.8422      -915.39996       1.2490917       776.02148    
           1 ID          13   1077.2467       1302.1671      -1763.7999       1.2953939       848.70215    
           1 ID          14   1077.2467       1302.1671       491.19995      0.25773898       862.10938    
           1 ID          15   843.26569      -1464.5829      -781.39996       1.2539518       866.08496    
           1 ID          16  -36.049999      -1307.9500       1810.0000       9.7009554       868.51855    
           1 ID          17  -178.64142       1680.5319       145.09999       1.6947968       873.62012    
           1 ID          18   176.05000       1590.7499       1810.0000      0.23439905       915.41113    
           1 ID          19  -1367.2394      -993.35626      -1060.5000      0.81234324       946.31348    
           1 ID          20   1444.5273      -877.17780      -703.29999      0.58658898       976.10742    
           1 ID          21  -387.86063      -1644.8903       1417.7000       17.794937       978.14746    
           1 ID          22  -454.47571      -1627.7444       1417.7000       37.457985       978.71094    
           1 ID          23  -522.23969      -1607.2853       1339.6000       1.6652548       979.38672    
           1 ID          24  -387.86063      -1644.8903       1484.7000       5.9345555       981.62012    
           1 ID          25  -522.23969      -1607.2853       1417.7000       3.4154387       982.54688    
           1 ID          26  -454.47571      -1627.7444       1339.6000       1.0407070       983.08301    
           1 ID          27  -454.47571      -1627.7444       1484.7000       5.9613667       983.54688    
           1 ID          28  -314.71039      -1660.4390       1417.7000       5.0976949       983.52246    
           1 ID          29  -522.23969      -1607.2853       1484.7000       6.9154119       984.03809    
           1 ID          30  -246.88145      -1671.8701       1551.7000      0.62366104       983.87207    
           1 ID          31  -314.71039      -1660.4390       1551.7000       9.5698385       984.21094    
           1 ID          32  -314.71039      -1660.4390       1484.7000       1.1806029       985.13184    
           1 ID          33  -587.21313      -1584.7020       1551.7000       1.0597854       985.71582    
           1 ID          34  -522.23969      -1607.2853       1551.7000       3.8568740       985.76074    
           1 ID          35  -454.47571      -1627.7444       1551.7000       14.038478       986.81543    
           1 ID          36  -314.71039      -1660.4390       1629.7999       3.7118437       986.83594    
           1 ID          37  -587.21313      -1584.7020       1484.7000       7.1459179       988.27930    
           1 ID          38  -314.71039      -1660.4390       1696.7999      0.99442738       990.16699    
           1 ID          39  -246.88145      -1671.8701       1696.7999      0.97671175       992.36523    
           1 ID          40  -176.65450      -1680.7418       1696.7999      0.85025173       993.73438    
           1 ID          41  -587.21313      -1584.7020       1696.7999       1.6093326       994.69824    
           1 ID          42  -108.11292      -1686.5383       1629.7999       1.9315935       994.50293    
           1 ID          43  -246.88145      -1671.8701       1763.7999       1.7731186       994.83984    
           1 ID          44  -314.71039      -1660.4390       1763.7999       2.4520035       994.99219    
           1 ID          45  -782.97174      -1497.6832       1629.7999       1.5641881       996.23438    
           1 ID          46  -656.74597      -1557.1721       1763.7999       2.2481556       997.01465    
           1 ID          47  -106.05000      -1520.0499       1810.0000       3.2273240       997.83398    
           1 ID          48  -719.56799      -1529.1572       1696.7999       1.7648225       997.95410    
           1 ID          49  -600.25000      -1520.0499       1810.0000       1.5790215       998.07520    
           1 ID          50  -530.25000      -1307.9500       1810.0000      0.84124202       998.49512    
           1 ID          51  -530.25000      -1449.3500       1810.0000       3.0912809       998.71582    
           1 ID          52  -388.14996      -1590.7500       1810.0000      0.37487695       999.10938    
           1 ID          53  -672.35004      -1378.6500       1810.0000       2.0875275       999.16406    
           1 ID          54  -106.05000      -1590.7500       1810.0000      0.77637762       998.99902    
           1 ID          55  -176.05000      -1520.0499       1810.0000       2.1289206       999.02832    
           1 ID          56  -248.14998      -1590.7500       1810.0000       6.4126239       999.77734    
           1 ID          57  -600.25000      -1307.9500       1810.0000       3.4427176       1000.1113    
           1 ID          58   33.391663      -1689.6700       1629.7999      0.37705901       1000.3340    
           1 ID          59  -318.14999      -1449.3500       1810.0000      0.29106325       1000.4229    
           1 ID          60  -600.25000      -1378.6500       1810.0000       1.7515279       1000.8291    
           1 ID          61  -460.24997      -1590.7500       1810.0000       1.4881167       1001.0781    
           1 ID          62  -36.049999      -1378.6500       1810.0000      0.71827996       1001.1064    
           1 ID          63  -460.24997      -1449.3500       1810.0000       1.5610660       1001.1836    
           1 ID          64  -176.05000      -1378.6500       1810.0000       1.5527731       1001.3643    
           1 ID          65  -176.05000      -1590.7500       1810.0000       7.7041168       1001.1406    
           1 ID          66  -907.23639      -1425.8408       1696.7999       1.2147512       1001.8809    
           1 ID          67  -388.14996      -1237.2500       1810.0000      0.58582133       1001.7178    
           1 ID          68   108.11054      -1686.5385       1763.7999       1.0275270       1002.9160    
           1 ID          69  -36.049999      -1520.0499       1810.0000       4.8513670       1002.8975    
           1 ID          70  -106.05000      -1378.6500       1810.0000       3.0995209       1003.5898    
           1 ID          71   106.05000      -1378.6500       1810.0000       1.5296348       1003.7744    
           1 ID          72  -318.14999      -1307.9500       1810.0000      0.49193096       1004.3115    
           1 ID          73   108.11054      -1686.5385       1696.7999       6.6968136       1004.6553    
           1 ID          74  -600.25000      -1166.5499       1810.0000       2.3847277       1004.7793    
           1 ID          75  -812.34998      -1449.3500       1810.0000       1.6260883       1005.7832    
           1 ID          76  -1075.7051      -1303.4412       1551.7000       1.1079541       1007.2148    
           1 ID          77  -176.05000      -1025.1500       1810.0000      0.92911762       1007.5596    
           1 ID          78  -884.45001      -1307.9500       1810.0000       2.7457025       1007.6787    
           1 ID          79  -36.049999      -1449.3500       1810.0000      0.65881521       1007.7412    
           1 ID          80   36.049999      -1166.5499       1810.0000       2.4230227       1008.1377    
           1 ID          81  -460.24997      -1166.5499       1810.0000       1.2425239       1008.2119    
           1 ID          82  -318.14999      -1025.1500       1810.0000       1.3086861       1008.3643    
           1 ID          83  -106.05000      -1307.9500       1810.0000       1.7615969       1009.2529    
           1 ID          84   106.05000      -1590.7500       1810.0000       1.7402035       1009.1133    
           1 ID          85  -36.049999      -1025.1500       1810.0000      0.98573339       1009.6582    
           1 ID          86   176.05000      -1590.7500       1810.0000       1.6295110       1009.6221    
           1 ID          87  -248.14998      -1025.1500       1810.0000       2.6321266       1010.1465    
           1 ID          88  -176.05000      -1095.8500       1810.0000       4.6583228       1010.9102    
           1 ID          89  -318.14999      -1166.5499       1810.0000      4.03636508E-02   1011.4053    
           1 ID          90  -106.05000      -1025.1500       1810.0000       1.0936201       1011.6797    
           1 ID          91  -36.049999      -1095.8500       1810.0000       1.4735105       1011.9785    
           1 ID          92  -884.45001      -1378.6500       1810.0000      0.40318584       1011.9736    
           1 ID          93  -530.25000      -1166.5499       1810.0000      0.68449789       1011.6670    
           1 ID          94  -812.34998      -1237.2500       1810.0000      0.26197755       1013.4512    
           1 ID          95  -522.23969      -1607.2853       915.39996       1.0254183       1014.4355    
           1 ID          96   248.14998      -1378.6500       1810.0000       1.4036598       1014.3418    
           1 ID          97  -248.14998       1095.8500       1810.0000       1.3869822       1014.2002    
           1 ID          98   176.05000      -1237.2500       1810.0000       1.0569531       1015.4512    
           1 ID          99   106.05000      -1095.8500       1810.0000      0.35979053       1015.9346    
           1 ID         100  -106.05000      -883.75000       1810.0000       1.2874219       1016.5811    
           1 ID         101  -248.14998      -1307.9500       1810.0000      0.28797132       1016.1768    
           1 ID         102   318.14999      -1307.9500       1810.0000       1.7341021       1016.2207    
           1 ID         103  -248.14998      -813.04999       1810.0000      0.57063729       1017.0850    
           1 ID         104  -388.14996      -883.75000       1810.0000       1.7741920       1017.3477    
           1 ID         105   106.05000      -954.44995       1810.0000      0.84298730       1018.1699    
           1 ID         106  -812.34998      -954.44995       1810.0000       1.1098734       1017.7686    
           1 ID         107   388.14999      -1520.0499       1810.0000       2.0532255       1018.2354    
           1 ID         108  -884.45001      -954.44995       1810.0000      0.76192230       1018.7197    
           1 ID         109   36.049999      -883.75000       1810.0000       2.6150055       1018.2529    
           1 ID         110  -812.34998      -813.04999       1810.0000      0.61802912       1019.6631    
           1 ID         111  -672.35004      -883.75000       1810.0000       1.4459870       1019.9971    
           1 ID         112   248.14998      -1095.8500       1810.0000      0.72671437       1020.0244    
           1 ID         113   248.14998      -1025.1500       1810.0000       2.0895562       1020.2402    
           1 ID         114  -176.65450      -1680.7418       0.0000000       2.0911436       1020.4219    
           1 ID         115  -742.34998      -883.75000       1810.0000      0.69222093       1020.5215    
           1 ID         116  -954.44995      -1166.5499       1810.0000      0.34267101       1020.9668    
           1 ID         117  -1166.5499      -1025.1500       1810.0000       1.4709980       1021.5713    
           1 ID         118  -1166.5499      -1095.8500       1810.0000       1.2500950       1021.4834    
           1 ID         119  -1096.5499      -954.44995       1810.0000       1.2468892       1021.9307    
           1 ID         120  -530.25000      -671.65002       1810.0000      0.80552328       1023.6982    
           1 ID         121  -1236.5500      -1095.8500       1810.0000       1.4352711       1024.4189    
           1 ID         122  -388.14996      -600.95001       1810.0000       1.4561882       1024.8594    
           1 ID         123   388.14999      -1449.3500       1810.0000       1.2758482       1024.7861    
           1 ID         124  -742.34998      -671.65002       1810.0000       1.1772954       1025.7764    
           1 ID         125  -1024.4501      -742.34998       1810.0000      0.71070784       1026.1465    
           1 ID         126   387.85831      -1644.8909       1551.7000      0.53064924       1026.2676    
           1 ID         127  -36.049999      -530.25000       1810.0000       2.0335226       1027.5508    
           1 ID         128  -1024.4501      -671.65002       1810.0000      0.82863724       1027.7383    
           1 ID         129  -1236.5500      -883.75000       1810.0000       1.1751440       1028.3877    
           1 ID         130  -106.05000      -600.95001       1810.0000       2.1794479       1028.2686    
           1 ID         131  -36.049999      -813.04999       1810.0000      0.47975707       1030.3486    
           1 ID         132  -460.24997      -671.65002       1810.0000      0.48603752       1030.2129    
           1 ID         133  -318.14999      -530.25000       1810.0000      0.31229553       1032.5381    
           1 ID         134  -1378.6500      -813.04999       1810.0000      0.76116651       1032.9648    
           1 ID         135  -1024.4501      -600.95001       1810.0000       1.2505603       1034.8516    
           1 ID         136  -812.34998      -459.54996       1810.0000       1.4007037       1036.9229    
           1 ID         137  -460.24997      -388.84998       1810.0000       1.6586004       1038.2256    
           1 ID         138  -1166.5499      -671.65002       1810.0000      0.29472905       1040.0645    
           1 ID         139  -812.34998      -388.84998       1810.0000      0.23615001       1041.7129    
           1 ID         140  -36.049999      -247.44998       1810.0000       1.3092290       1043.2441    
           1 ID         141  -248.14998       35.349998       1810.0000       1.0254723       1047.1895    
           1 ID         142  -1308.6499      -388.84998       1810.0000       1.4458041       1049.3916    
           1 ID         143  -843.26776      -1464.5817       1696.7999       1.5888598       1049.1611    
           1 ID         144   248.14998      -1520.0499       1810.0000      0.83344114       1054.2734    
           1 ID         145  -33.394039      -1689.6700       848.39996       1.2011752       1058.4678    
           1 ID         146  -1688.4327      -72.767281       915.39996       1.6687465       1065.7061    
           1 ID         147  -1166.5499       318.14999       1810.0000      0.14090726       1076.2207    
           1 ID         148  -1479.9933       815.91638       569.29999      0.64706278       1077.7520    
           1 ID         149  -246.88145      -1671.8701       1339.6000       1.2547032       1078.2256    
           1 ID         150   966.14777       1386.5996       1763.7999       2.7813542       1079.4922    
           1 ID         151  -1570.5853      -623.98865       993.49994      0.67508179       1079.9297    
           1 ID         152  -1688.5176       70.770676       1551.7000      0.61866599       1079.9258    
           1 ID         153  -1407.6376      -935.23077       1205.5999       2.7778082       1083.3008    
           1 ID         154  -1129.3430       1257.2527      -703.29999      0.75505173       1085.7314    
           1 ID         155   1596.6523      -553.89636       1696.7999       1.4056474       1085.6182    
           1 ID         156  -1636.9054       420.28632       1127.5000      0.44128305       1088.0000    
           1 ID         157  -1689.9988       2.0007894       1127.5000       1.5121953       1090.7393    
           1 ID         158   176.65134      -1680.7422       636.29999      0.32971334       1095.9736    
           1 ID         159   1182.4304      -1207.4594       569.29999      0.71383464       1097.9600    
           1 ID         160   1652.6521      -353.32861       279.09998      0.58093458       1100.8262    
           1 ID         161   1444.5273      -877.17780       636.29999      0.11413357       1102.1631    
           1 ID         162  -954.44995      -1025.1500       1810.0000       1.1410019       1103.3486    
           1 ID         163   36.049999      -1095.8500       1810.0000      0.71692550       1106.4893    
           1 ID         164  -176.05000      -1307.9500       1810.0000       1.0157181       1107.4189    
           1 ID         165  -1636.9054       420.28632       1339.6000      0.67320949       1110.8545    
           1 ID         166   1596.6523      -553.89636       636.29999      0.74866629       1113.2734    
           1 ID         167  -1514.6410       749.64178       703.29999       1.8056138       1114.5303    
           1 ID         168  -1481.9214      -812.40942      -67.000000       1.0780411       1116.6182    
           1 ID         169   966.14777       1386.5996      -1484.7000      0.50000155       1116.8809    
           1 ID         170   1514.6411       749.64142       1484.7000       1.3276134       1124.0371    
           1 ID         171   1595.3373       557.67291       781.39996      0.45811662       1125.2344    
           1 ID         172   1636.9052      -420.28735       491.19995      0.80568469       1135.4814    
           1 ID         173  -1132.3168      -1254.5751       1763.7999       1.2188491       1140.7979    
           1 ID         174  -456.39999       1627.2059       781.39996       1.3662678       1141.6406    
           1 ID         175   954.44995      -1307.9500       1810.0000      0.28772351       1143.1699    
           1 ID         176  -1077.2461       1302.1677       491.19995      0.73250222       1158.1943    
           1 ID         177  -653.05664       1558.7228      -1551.7000      0.23365153       1165.8838    
           1 ID         178  -456.39999       1627.2059       848.39996       1.1453711       1188.1416    
           1 ID         179   1231.9570       1156.8844       67.000000       1.1473420       1189.0801    
           1 ID         180   1077.2467       1302.1671       1763.7999       1.0269971       1190.1826    
           1 ID         181  -954.44995      -813.04999      -1810.0000       2.4368882       1195.3457    
           1 ID         182   460.25000       459.54999      -1810.0000       1.0381247       1197.7305    
           1 ID         183  -1590.7500       459.54999      -1810.0000       2.0465705       1208.7178    
           1 ID         184  -742.34998       671.64996      -1810.0000       1.4088672       1212.4150    
           1 ID         185   1520.7499      -530.25000      -1810.0000      0.85644501       1216.5117    
           1 ID         186  -1514.6410       749.64178      -1272.6000       1.4920083       1223.7832    
           1 ID         187   318.14999      -883.75000       1810.0000       1.0391742       1247.7393    
           1 ID         188  -106.05000       671.64996       1810.0000       1.0358416       1257.5010    
           1 ID         189   1279.3217       1104.2808       1205.5999       1.4601234       1338.4619    
           1 ID         190   1075.7031      -1303.4426       357.20001       2.3725855       1363.6318    
           1 ID         191   907.23438      -1425.8422       357.20001       1.1049122       1399.6011    
           1 ID         192   104.12029       1686.7896       1629.7999      0.31267229       1407.4980    
           1 ID         193   742.34998       1025.1499       1810.0000      0.55558193       1447.5786    
           1 ID         194  -1129.3430       1257.2527       1551.7000       1.2032396       1468.4238    
           1 ID         195  -316.67383       1660.0656       1205.5999      0.38801187       1488.7334    
           1 ID         196  -600.25000       247.44998       1810.0000      0.54593420       1489.7451    
           1 ID         197   742.34998       35.349998      -1810.0000      0.68362743       1497.3945    
           1 ID         198   719.56586      -1529.1582      -1417.7000      0.55332851       1503.1245    
           1 ID         199   1378.6499       35.349998      -1810.0000       1.1404076       1508.6133    
           1 ID         200  -782.97174      -1497.6832      -1629.7999      0.75340968       1590.5977    
           1 ID         201   884.44995       671.64996      -1810.0000      0.99129683       1603.6841    
           1 ID         202   314.70807      -1660.4393      -67.000000       1.1774809       1606.0469    
           1 ID         203   1278.0129      -1105.7950      -636.29999      0.63269109       1661.5962    
           1 ID         204  -1278.0146      -1105.7932      -781.39996      0.57085586       1734.6196    
           1 OD          65   1741.5565      -109.57086       671.64996      0.26106551       555.32617    
           1 OD          66   1131.2001      -353.50000      -1865.0000      0.80870080       690.33008    
           1 OD          67  -1131.8000       1061.0000       1865.0000      0.36398861       779.85742    
           1 OD          68   1414.0001       353.50000      -1865.0000       1.4602696       791.90820    
           1 OD          69  -504.35986       1670.5227      -883.74994      0.27624017       835.54492    
           1 OD          70   1083.9017      -1367.5460      -1449.3500       2.9188364       1036.1855    
           1 OD          71  -1744.6172       36.545494      -1661.4500       1.2569847       1201.5957    
           1 OD          72  -1473.3529      -935.01685      -247.44998       1.5284283       1248.1035    
           1 OD          73   1726.2800      -254.91579       600.95001       3.5167086       1484.9512    
           1 TIME  1.45099999E-03
           1 VERTEX  -405.50000      -1604.7000       1345.0000    
           1 PARTICLE         -11   8.0273952       6.9298711       19.895901       22.545710               2
           1 NEXTEVENT