48  36  46.2900009155  -34.8800010681  -299.0  0.366683065891  18060.2460938
50  36  46.2900009155  -34.8800010681  -333.040008545  1.072458148  17915.9746094
52  36  46.2900009155  -34.8800010681  -367.079986572  1.54863646626  18018.3828125
56  36  46.2900009155  -34.8800010681  -435.170013428  2.724138394  18317.4303385
57  36  46.2900009155  -34.8800010681  -452.190002441  3.55537194014  18358.1450195
59  36  46.2900009155  -34.8800010681  -486.230010986  2.55015617609  18715.375
45  37  194.339996338  -30.9200000763  -244.820007324  0.47149798274  17730.2910156
47  37  194.339996338  -30.9200000763  -278.859985352  0.967590630054  18418.8554688
56  37  194.339996338  -30.9200000763  -432.049987793  0.846973717213  18363.9453125
57  37  194.339996338  -30.9200000763  -449.070007324  1.51886796951  18623.2089844
58  37  194.339996338  -30.9200000763  -466.089996338  1.84549629688  21028.6855469
60  37  194.339996338  -30.9200000763  -500.130004883  0.946572840214  18835.1425781
29  38  292.899993896  5.19999980927  14.8199996948  0.488850772381  17326.3242188
30  38  292.899993896  5.19999980927  -2.20000004768  0.676717162132  17418.7226562
58  38  292.899993896  5.19999980927  -478.779998779  0.664773344994  19511.3945312
60  38  292.899993896  5.19999980927  -512.820007324  1.23170554638  19634.0
12  46  90.4899978638  82.3499984741  314.440002441  1.07123529911  16048.4003906
13  46  90.4899978638  82.3499984741  297.420013428  0.511951446533  16052.3496094
15  46  90.4899978638  82.3499984741  263.369995117  1.76465147734  16117.9628906
16  46  90.4899978638  82.3499984741  246.350006104  2.07166928053  16332.5175781
17  46  90.4899978638  82.3499984741  229.330001831  2.36862725019  16996.8828125
18  46  90.4899978638  82.3499984741  212.309997559  0.62582141161  16551.3808594
20  46  90.4899978638  82.3499984741  178.270004272  1.05350387096  16684.2636719
21  46  90.4899978638  82.3499984741  161.25  0.908953130245  16271.7739258
22  46  90.4899978638  82.3499984741  144.229995728  3.44467639923  18501.0572917
28  46  90.4899978638  82.3499984741  42.0999984741  0.585489213467  17324.5683594
29  46  90.4899978638  82.3499984741  25.0799999237  1.70597362518  17340.3417969
42  46  90.4899978638  82.3499984741  -196.190002441  1.87229967117  17539.8652344
43  46  90.4899978638  82.3499984741  -213.210006714  0.508856236935  17734.6035156
46  46  90.4899978638  82.3499984741  -264.269989014  0.724259734154  18438.3105469
47  46  90.4899978638  82.3499984741  -281.290008545  0.50342130661  19140.9453125
49  46  90.4899978638  82.3499984741  -315.329986572  0.878414869308  19080.4726562
50  46  90.4899978638  82.3499984741  -332.350006104  1.4603972435  18132.8320312
56  46  90.4899978638  82.3499984741  -434.480010986  1.07737743855  20521.3222656
57  46  90.4899978638  82.3499984741  -451.5  2.98702174425  19668.3040365
58  46  90.4899978638  82.3499984741  -468.519989014  7.05865502357  19339.4433594
59  46  90.4899978638  82.3499984741  -485.540008545  0.946245849133  18624.4316406
60  46  90.4899978638  82.3499984741  -502.559997559  1.97098296881  19720.6347656
1  47  195.029998779  125.589996338  501.829986572  4.58308780193  16259.887207
2  47  195.029998779  125.589996338  484.809997559  0.419481366873  14945.8134766
4  47  195.029998779  125.589996338  450.769989014  2.01791387796  15291.4780273
5  47  195.029998779  125.589996338  433.75  2.14195916057  15322.8925781
6  47  195.029998779  125.589996338  416.730010986  0.737559556961  15276.9394531
9  47  195.029998779  125.589996338  365.670013428  1.22942304611  16038.4912109
10  47  195.029998779  125.589996338  348.649993896  1.30921947956  15791.578125
11  47  195.029998779  125.589996338  331.630004883  1.87818735838  15813.6660156
12  47  195.029998779  125.589996338  314.609985352  1.64934909344  16299.546875
13  47  195.029998779  125.589996338  297.589996338  1.28576433659  15877.137207
14  47  195.029998779  125.589996338  280.559997559  1.05580985546  15933.2207031
15  47  195.029998779  125.589996338  263.540008545  1.12267516553  15843.105957
16  47  195.029998779  125.589996338  246.520004272  1.1578297317  16007.4277344
46  50  576.369995117  170.919998169  -271.890014648  1.5525598526  6601.10351562
48  50  576.369995117  170.919998169  -305.929992676  1.31836664677  7114.43945312
12  56  132.029998779  202.979995728  315.510009766  1.17084252834  16258.2099609
14  56  132.029998779  202.979995728  281.470001221  0.267377614975  16354.765625
19  81  41.5999984741  35.4900016785  -213.970001221  1.65782167017  17730.6751302
20  81  41.5999984741  35.4900016785  -220.979995728  0.48198774457  17621.7304688
22  81  41.5999984741  35.4900016785  -234.990005493  1.2511177063  17947.7050781
33  81  41.5999984741  35.4900016785  -312.089996338  1.10733127594  19505.6503906
34  81  41.5999984741  35.4900016785  -319.100006104  5.88146042824  19652.4023438
36  81  41.5999984741  35.4900016785  -333.109985352  1.55913388729  18005.1464844
38  81  41.5999984741  35.4900016785  -347.130004883  0.543686270714  18780.375
41  81  41.5999984741  35.4900016785  -368.160003662  2.82325416803  18152.5110677
42  81  41.5999984741  35.4900016785  -375.170013428  0.553120851517  18095.5800781
43  81  41.5999984741  35.4900016785  -382.170013428  0.904957175255  18308.0117188
50  81  41.5999984741  35.4900016785  -431.230010986  0.639923810959  19659.8046875
52  81  41.5999984741  35.4900016785  -445.25  1.25103795528  19736.984375
53  81  41.5999984741  35.4900016785  -452.260009766  1.24650254846  19097.7763672
55  81  41.5999984741  35.4900016785  -466.279998779  0.849482774734  18766.4433594
56  81  41.5999984741  35.4900016785  -473.290008545  0.730324745178  19171.3261719
58  81  41.5999984741  35.4900016785  -487.299987793  3.29227298498  20802.3776042
59  81  41.5999984741  35.4900016785  -494.309997559  0.327294796705  18448.2128906
60  81  41.5999984741  35.4900016785  -501.609985352  1.25164413452  18569.5214844
3  82  106.940002441  27.0900001526  166.63999939  2.04308778048  17113.5244141
4  82  106.940002441  27.0900001526  156.630004883  2.96244782954  16491.2070312
5  82  106.940002441  27.0900001526  146.61000061  1.69309508801  16397.8720703
6  82  106.940002441  27.0900001526  136.600006104  3.48823718727  16575.4145508
8  82  106.940002441  27.0900001526  116.580001831  1.62344489992  16584.572998
9  82  106.940002441  27.0900001526  106.559997559  1.07151412964  16324.2402344
10  82  106.940002441  27.0900001526  96.5500030518  1.74561429024  16555.2246094
11  82  106.940002441  27.0900001526  -160.759994507  3.04040378332  18883.1953125
12  82  106.940002441  27.0900001526  -167.770004272  2.8381664753  17978.8554688
13  82  106.940002441  27.0900001526  -174.779998779  3.57630565763  17251.8881836
14  82  106.940002441  27.0900001526  -181.789993286  1.61897057295  17451.4501953
15  82  106.940002441  27.0900001526  -188.800003052  2.09214001894  18192.6030273
16  82  106.940002441  27.0900001526  -195.800003052  3.87124371529  17357.8657227
17  82  106.940002441  27.0900001526  -202.809997559  2.55067425966  17507.7298177
18  82  106.940002441  27.0900001526  -209.820007324  3.78471150994  17463.3020833
19  82  106.940002441  27.0900001526  -216.830001831  4.76330856979  17429.7516276
20  82  106.940002441  27.0900001526  -223.839996338  2.31212712824  17393.7480469
21  82  106.940002441  27.0900001526  -230.850006104  2.15634506941  17474.594401
22  82  106.940002441  27.0900001526  -237.86000061  5.00938756019  17688.4944661
23  82  106.940002441  27.0900001526  -244.86000061  1.49421072006  17508.71875
24  82  106.940002441  27.0900001526  -251.869995117  3.08718203008  17452.4047852
25  82  106.940002441  27.0900001526  -258.880004883  3.12031756341  17472.4578125
26  82  106.940002441  27.0900001526  -265.890014648  2.39097559452  17576.6357422
27  82  106.940002441  27.0900001526  -272.899993896  8.31221517175  18100.8298828
30  82  106.940002441  27.0900001526  -293.920013428  7.67365807295  18254.4179688
31  82  106.940002441  27.0900001526  -300.929992676  0.938173294067  17855.9101562
32  82  106.940002441  27.0900001526  -307.940002441  2.46302193403  17818.78125
33  82  106.940002441  27.0900001526  -314.950012207  2.76102843881  17891.984375
34  82  106.940002441  27.0900001526  -321.959991455  4.57423893362  17799.0100911
35  82  106.940002441  27.0900001526  -328.970001221  1.81931388378  18178.1298828
36  82  106.940002441  27.0900001526  -335.980010986  3.11869120598  19202.4029948
37  82  106.940002441  27.0900001526  -342.980010986  2.06690704823  18521.4863281
38  82  106.940002441  27.0900001526  -349.989990234  0.784468054771  18179.4648438
39  82  106.940002441  27.0900001526  -357.0  3.52861569822  17882.790625
40  82  106.940002441  27.0900001526  -364.010009766  4.11420169473  17948.3464844
41  82  106.940002441  27.0900001526  -371.019989014  0.721007525921  17966.8925781
42  82  106.940002441  27.0900001526  -378.029998779  4.13059288263  18264.9086914
43  82  106.940002441  27.0900001526  -385.040008545  4.27870902419  17948.7546875
44  82  106.940002441  27.0900001526  -392.040008545  1.31951415539  18193.1601562
45  82  106.940002441  27.0900001526  -399.049987793  1.53700941801  18179.3476562
46  82  106.940002441  27.0900001526  -406.059997559  3.88380345702  18103.5253906
47  82  106.940002441  27.0900001526  -413.070007324  1.44628763199  18580.5527344
48  82  106.940002441  27.0900001526  -420.079986572  3.74253240228  18566.6025391
49  82  106.940002441  27.0900001526  -427.089996338  4.41977775097  18268.4641927
50  82  106.940002441  27.0900001526  -434.100006104  6.74780626595  18210.8763021
53  82  106.940002441  27.0900001526  -455.119995117  3.59611134231  18314.7768555
54  82  106.940002441  27.0900001526  -462.130004883  2.19329977036  18213.6171875
55  82  106.940002441  27.0900001526  -469.140014648  3.93008351326  18336.4342448
56  82  106.940002441  27.0900001526  -476.149993896  2.30363702774  18641.4726562
57  82  106.940002441  27.0900001526  -483.160003662  2.12157964706  18260.6396484
58  82  106.940002441  27.0900001526  -490.160003662  4.04881298542  18917.5219727
59  82  106.940002441  27.0900001526  -497.170013428  1.17625617981  18486.2041016
60  82  106.940002441  27.0900001526  -503.619995117  0.672014296055  18466.5664062
7  83  113.190002441  -60.4700012207  126.25  1.34129309654  17077.3339844
8  83  113.190002441  -60.4700012207  116.239997864  1.22202038765  17527.765625
9  83  113.190002441  -60.4700012207  106.230003357  0.55171918869  17255.6640625
10  83  113.190002441  -60.4700012207  96.2099990845  1.33708333969  17196.6933594
33  83  113.190002441  -60.4700012207  -315.290008545  1.42925994098  18234.5553385
34  83  113.190002441  -60.4700012207  -322.299987793  0.840469539165  17915.9296875
36  83  113.190002441  -60.4700012207  -336.309997559  1.06423079967  18183.6035156
37  83  113.190002441  -60.4700012207  -343.320007324  3.23561410606  18006.2115885
38  83  113.190002441  -60.4700012207  -350.329986572  1.07295811176  17923.3046875
39  83  113.190002441  -60.4700012207  -357.339996338  1.5816155076  18036.9746094
40  83  113.190002441  -60.4700012207  -364.350006104  1.05927562714  18154.9804688
43  83  113.190002441  -60.4700012207  -385.369995117  2.47965288162  18824.2099609
44  83  113.190002441  -60.4700012207  -392.380004883  1.97712123394  18416.0546875
45  83  113.190002441  -60.4700012207  -399.390014648  0.780093729496  18055.9941406
46  83  113.190002441  -60.4700012207  -406.399993896  2.36184877157  18193.9960938
47  83  113.190002441  -60.4700012207  -413.410003662  4.98621326685  18487.8339844
48  83  113.190002441  -60.4700012207  -420.420013428  5.07662704587  18661.6492188
49  83  113.190002441  -60.4700012207  -427.420013428  0.340353786945  18170.0507812
50  83  113.190002441  -60.4700012207  -434.429992676  1.41794574261  18454.9316406
51  83  113.190002441  -60.4700012207  -441.440002441  0.68555688858  18505.2753906
53  83  113.190002441  -60.4700012207  -455.459991455  4.03201881051  18848.2915039
56  83  113.190002441  -60.4700012207  -476.480010986  1.93471252918  18832.4169922
57  83  113.190002441  -60.4700012207  -483.489990234  2.31113117933  18623.9208984
58  83  113.190002441  -60.4700012207  -490.5  5.35712075233  18594.2578125
59  83  113.190002441  -60.4700012207  -497.279998779  4.37115702778  18785.2753906
60  83  113.190002441  -60.4700012207  -505.410003662  1.03993821144  19388.1308594
51  84  57.2000007629  -105.519996643  -441.739990234  13.3119003177  20928.1155599
52  84  57.2000007629  -105.519996643  -448.75  1.07360196114  18674.0263672
53  84  57.2000007629  -105.519996643  -455.760009766  2.81276154518  19134.7666016
56  84  57.2000007629  -105.519996643  -476.790008545  1.34229555726  18903.7949219
58  84  57.2000007629  -105.519996643  -490.799987793  0.964194059372  18951.7910156
59  84  57.2000007629  -105.519996643  -497.809997559  2.41278117895  18925.2558594
55  85  -9.68000030518  -79.5  -464.790008545  0.75921112299  19677.2988281
56  85  -9.68000030518  -79.5  -471.799987793  2.02325046062  19231.3837891
57  85  -9.68000030518  -79.5  -478.809997559  1.25169551373  19592.8476562
59  85  -9.68000030518  -79.5  -492.820007324  2.06970697641  19160.859375
52  86  -10.970000267  6.71999979019  -444.350006104  0.47058236599  19699.6425781
53  86  -10.970000267  6.71999979019  -451.359985352  0.314126551151  18792.0488281
55  86  -10.970000267  6.71999979019  -465.380004883  0.665011703968  19433.8710938
